9750
6216
9391
7967
9971
9760
1830
7373
8129
9703
1500
9762
9075
8664
8167
4906
3660
4093
8070
3429
1472
6342
3258
6867
1099
5659
9196
5237
4232
9514
6566
7411
3378
92
1373
4613
7401
5814
3400
9771
2771
7024
9604
824
1670
6738
5823
4497
7017
7807
221
7851
8147
5913
9054
6801
6616
9367
7662
147
8899
499
232
8943
1661
2240
3113
9743
8597
4283
7839
9418
193
2449
8346
6455
833
5855
9011
6632
814
7995
2855
521
2710
1038
6479
5424
8731
7325
5334
3479
9811
5220
4630
7207
7393
7180
2438
2993
6723
5246
1621
250
6279
31
6065
8912
8964
6474
6571
3915
5221
1810
3515
4135
5531
2916
6116
3449
2871
3490
3124
2613
4495
2571
3459
8373
6334
5725
8640
7908
3622
7808
1057
2336
1946
9922
8539
3660
5788
9203
8173
2485
7300
2649
5631
4702
4839
8202
3515
2883
9010
59
6137
8964
3937
2198
3577
7887
1382
1814
1243
326
6908
8533
4354
9664
3630
5368
6502
7777
8751
8824
9831
8311
6411
6120
6483
7792
4140
8444
9625
5414
2565
1153
5544
6742
1288
6633
15
1851
8646
797
4316
475
8144
6716
341
3822
5937
3162
9383
7531
6942
7797
9156
6421
1229
7360
476
9079
5207
7633
5035
1510
5885
3277
2146
4494
2648
9873
4145
7723
7232
5377
2722
7457
9963
974
8307
476
6069
5765
8606
5993
6556
1330
6590
8718
8786
7739
521
4879
7851
9836
7107
6579
2198
7305
6797
685
5255
1329
9371
912
9060
1978
1043
5756
7818
7277
7996
5290
144
345
1026
7924
5113
6037
3361
4398
8314
9257
9611
3791
6064
9123
8388
7351
393
6709
2061
7644
635
1108
6545
1757
5789
7307
7628
2264
7880
3800
1410
8151
5097
511
6665
922
9292
6747
4082
1767
2010
198
189
2505
2827
5722
8306
8231
8563
1602
9210
2957
5304
2032
3363
9208
1242
893
3341
6219
5992
8186
1416
6380
9222
4744
2179
4638
2965
2535
6650
350
4285
2890
9247
9252
8013
1382
6932
2148
7143
8033
5995
315
5815
2182
4507
6987
9275
2103
2640
7241
537
541
1644
6813
850
9507
2423
3072
9063
8875
5715
7553
8968
5190
9717
9277
6489
7934
8042
2663
4112
5583
7647
6208
2266
6297
7247
3535
8207
1985
4644
3260
4314
4266
3832
661
136
719
6165
4505
3707
9394
1543
6888
4087
2114
5327
6494
6358
6705
5601
1079
5826
2405
7423
8605
7297
8102
5815
7062
4408
6646
5965
7639
3114
8137
3575
1459
9833
4472
3227
4570
429
2461
1352
7025
4209
2648
9294
6563
7154
7954
3239
6260
5738
6619
5146
714
6254
623
5629
6232
1114
188
4151
1458
799
9352
8730
7224
4956
8350
6440
6498
6371
2614
6710
3422
9667
7088
4245
4943
4632
8727
5408
7017
1374
5918
3218
9952
538
2011
3812
997
9013
8787
7975
8958
1840
245
5533
5887
8825
9052
6042
3405
6956
9024
9002
2116
440
449
2849
6501
4145
2158
2365
7329
4072
2005
6308
4618
2354
4632
6896
2661
1955
4714
3991
9069
5653
1213
7556
9414
3163
61
94
6864
8734
147
1188
3747
2274
9313
9522
9671
5484
5021
7056
9044
6056
4193
9572
2167
4157
2951
8973
9796
7262
3189
9686
2951
1344
7355
62
8970
7734
4185
7169
9764
4139
8722
5405
2903
517
2916
4685
1161
5956
6571
8184
9009
694
8414
5421
5595
7021
4617
9731
9582
6063
5341
9787
2209
406
4453
4009
5002
7613
9730
2423
1023
6340
9121
9451
2298
9554
8560
1123
8428
9640
5668
4624
7761
4160
4984
1065
5407
6877
8933
3503
7899
1697
2598
1977
6732
5541
2008
2361
9377
2071
6408
5318
9097
5745
6793
4257
7508
359
602
8485
38
181
4842
7727
4988
7136
7488
8129
9408
5441
9824
9825
2289
4154
5487
5741
4570
7487
3229
3775
2102
2515
9006
5735
7955
6875
5939
111
4188
5494
5477
1805
3090
5359
9188
829
1270
6179
7900
1688
8017
6852
8695
4373
7601
9614
3993
8595
6399
5358
2929
6126
6098
2355
6496
8497
9450
5025
1771
3331
6712
7799
142
5829
3801
1847
9696
8477
8568
499
5444
8764
2332
1092
4418
8142
1250
2730
7951
654
9821
2689
6163
4576
2258
3606
8893
3411
129
6723
2224
8885
6854
5942
5904
1377
9363
5333
8699
7760
1612
3172
4663
5907
582
165
5612
6461
6020
2165
9044
7390
543
7006
3632
753
8915
5476
6020
7923
6901
8405
405
4692
8934
7316
6351
5252
8936
9444
5068
9407
1245
3915
9368
1389
8468
6570
7655
7192
1301
3538
7209
3753
681
8830
5917
4576
442
8326
7951
2160
1405
5613
5142
1213
5341
6518
5986
2921
923
2051
1134
8984
6812
4783
8210
2499
6011
7190
4665
1158
7454
1967
796
6859
9025
7936
7211
3787
646
3567
371
7224
8634
6588
1032
771
6702
3529
7346
3872
1207
3474
857
5666
2884
5782
4980
993
9706
7264
185
9238
4161
9182
518
3409
8394
1202
9250
3957
817
1365
8829
7303
8461
3976
9066
5117
1586
5936
3192
8376
6708
1032
9327
171
2650
8039
4119
2758
7857
718
856
4835
8059
4480
7672
6470
3470
7240
5134
7123
4304
2616
246
462
644
5676
2736
2114
497
5530
2
8738
8574
6397
4124
400
889
910
3305
3533
4419
8074
4914
9413
8010
1877
5869
7440
6581
3618
2851
5781
9774
5886
5494
9117
7869
7204
7038
7505
6147
4835
2953
2474
7632
8173
9842
9122
6695
1799
5125
4713
4350
4733
3078
216
9961
7969
2266
1712
3701
3142
9808
8392
9550
4135
5380
8140
5405
6559
9050
4028
7684
7132
1243
5556
824
6499
9700
9620
3126
5568
62
6347
631
3290
6603
2114
2653
5259
9034
8596
7232
2376
7174
4292
4876
9769
7932
8434
5582
2992
647
3657
9053
8648
8545
9540
7812
4078
8769
6163
5896
1021
473
4494
8343
3064
6981
8386
2613
8656
5414
2221
4161
8738
9412
1762
8653
3456
7216
1545
3411
311
5259
621
4298
6903
4076
9531
4391
8126
1859
4273
7224
2045
7752
8717
9203
6369
2216
3300
7427
3011
365
7540
4812
9629
6041
4914
118
3602
7340
259
8103
3295
5024
248
5968
2730
8293
4458
7502
8737
962
1554
878
2520
6174
2895
9083
9773
7260
1025
4073
4984
6478
2585
7873
6488
8964
5300
8584
291
3105
7244
4878
678
5162
4633
6348
5477
2417
9107
916
1200
3111
1777
4514
6913
1628
2080
637
1070
5485
1887
3286
247
4301
2802
1732
526
7429
6099
6991
3076
4812
4923
8151
3044
502
8281
2150
936
6578
2936
2713
8743
490
6394
2223
4214
9117
1015
6178
3812
1253
8398
9961
3173
4772
3616
5395
9267
3105
2299
4122
8068
8784
3026
8219
4378
4186
3864
9972
7622
7481
165
4194
6670
413
9360
8280
8705
9523
2812
1883
9968
9047
8695
7680
6368
6327
9377
5357
5357
1714
146
9352
4394
7659
9153
1097
8208
1257
3697
2369
5577
3464
5882
4531
6909
3074
6377
8723
5535
4704
154
4029
4068
2630
7072
5903
37
4132
7521
952
9994
881
9872
6300
8383
9022
5579
4936
2454
6533
5004
4684
1970
9810
5888
6419
8936
3105
8892
6377
8137
9784
1218
6351
477
2712
9661
8918
3822
5135
7521
6492
3552
7086
1423
7871
8521
6566
4519
1075
4493
2310
5907
3178
545
2121
9375
1135
3685
2837
759
523
9582
6457
7919
2388
6957
7403
1305
1120
4281
650
1717
9496
1790
3099
6537
4932
4249
4921
6606
4095
3401
6095
3942
7229
4417
936
4887
2336
6547
5982
9718
6441
711
7040
9365
9143
4290
6816
8479
1823
5933
9688
3867
6577
8814
1486
7461
9168
2090
339
3563
271
2443
6045
6894
230
5198
9698
6052
2615
3541
3213
2543
4626
6088
5754
8330
844
640
6129
8728
3890
3625
8378
9702
2822
8845
6568
2115
3840
2065
6499
3338
5693
3220
6989
9688
5690
2144
8882
399
2643
1116
2284
2807
4524
7241
3058
1607
4697
6886
2493
9867
9651
8851
2062
1506
1883
5926
9786
9926
882
4723
2392
2025
2747
8489
2781
7995
7405
1448
7999
7206
4454
6698
6206
8481
8887
647
5102
2973
20
552
726
6902
1594
6662
2816
650
2335
5998
8277
827
1487
1028
6852
8120
3207
369
8416
6732
3080
9636
400
6371
7945
8102
619
6731
2497
2661
6701
376
223
3471
9962
5097
898
6460
4086
3903
9657
6829
7970
2192
3450
4882
1145
3980
8930
5828
4921
4473
8981
3360
6137
3085
5441
3261
5882
7703
844
1558
6487
7768
8771
4543
7665
5294
2108
5165
4391
1501
3282
5004
4165
8615
7219
6310
7410
3065
1031
6251
9276
6241
2202
7795
4212
3682
9926
2007
3808
1684
3371
538
4096
6888
1243
3522
7993
4297
7772
7343
6799
5165
9861
9267
6943
791
7135
1177
7208
2294
2923
9561
3878
7452
4693
5860
7977
9949
419
2138
3385
6715
2914
7994
8432
6900
9577
2048
582
8593
8624
1635
9845
2509
8279
3099
5041
2104
3372
8567
8169
8485
131
9786
9662
9658
1025
6421
3781
411
8427
3394
4319
2988
8850
2137
3155
9357
3579
7168
5436
3724
7880
8572
970
3110
4943
713
6302
1061
4927
9363
1212
3825
4090
1565
4843
6300
4492
6163
1505
901
4481
3689
7550
5410
4153
7178
9333
2706
6043
2713
5433
6455
9260
8870
173
6229
5265
7382
6094
9054
5910
3580
3532
5608
3846
1558
4912
3323
7606
6441
6250
6967
874
5023
8459
9047
4146
1528
5300
1864
374
2732
8922
8117
5584
786
6453
262
4939
7483
9399
4917
9066
1040
4113
1610
6457
7037
7618
9170
1703
4786
298
1548
642
8909
9585
2982
3276
8125
8360
4734
3007
9195
8760
2939
3560
605
4508
9649
3828
7757
3582
8385
9857
5110
2179
9843
5045
7162
5956
9623
3498
937
7716
5284
7123
7419
264
7578
8972
9687
6761
1094
6303
106
6611
4767
4521
4206
8853
2627
1248
1879
1605
1560
7043
7062
1506
4249
6361
7575
5317
2986
6883
4646
1227
283
9197
3010
32
353
8308
9288
7822
3505
1400
9482
3781
9713
556
5200
857
7010
7765
1143
6853
7890
9708
9430
4562
4330
2446
8666
8456
9261
8855
6960
8641
4550
6575
2290
5721
4315
6830
1692
5421
7771
8480
7169
5222
5197
790
3558
5410
9111
8954
9516
4383
2408
6335
9527
8936
7869
8793
1182
6731
9284
5994
3467
2821
6208
2124
518
8607
6101
3782
3596
7048
2811
5144
7294
7676
2637
5908
5336
7222
9226
3606
2474
9964
9487
8494
8016
3767
9837
5271
5127
4319
8964
3267
9681
6955
7365
4419
4618
8198
4994
6601
2717
3768
4363
3584
5074
4311
1033
6979
4524
323
362
5789
8260
5563
1094
2995
5492
7189
8040
8121
401
2074
6597
2557
4686
7826
2019
8534
7352
8815
8058
9452
7995
1067
2552
8627
3775
973
6700
2419
909
9771
516
1374
2415
6251
9680
3399
7731
6300
2265
4633
7569
7586
5010
5335
9486
8106
1957
3834
8578
1231
5316
2981
9313
730
2165
6768
8613
6949
4806
4875
2419
8258
3015
2535
6407
7546
9967
3322
9916
1815
4650
1279
581
7960
9422
6138
5073
3454
1492
2853
3182
1444
6921
8381
1721
3677
4965
1856
3002
5139
9057
1044
6228
3016
5941
5353
9322
4400
1999
7837
5371
1014
7029
678
7553
71
1293
6446
5225
6650
2389
2833
7896
4473
8491
6086
3371
4948
6779
7799
4686
2389
1596
4325
6360
4887
3596
1814
1532
380
2245
7445
5054
2603
2560
2051
9978
2967
4624
164
6360
4867
8282
1275
6700
6798
3252
9539
5709
2459
1488
2449
3678
9494
9308
1784
7709
3001
1004
7032
3128
7834
2709
6752
8379
854
6644
1301
7324
9835
1888
4868
5346
7543
2660
9210
5671
2945
3273
5902
7666
5387
2073
651
126
7232
7872
8277
1021
7756
1611
5974
7520
3669
2919
3822
5673
7293
526
3151
9057
7920
2410
2486
5623
1665
6042
4761
6298
4139
3796
5088
7868
8725
5083
2887
3206
5755
4171
4921
5900
4222
6063
6802
8559
8470
6965
773
2800
9041
4060
555
1086
8924
2225
6419
8249
1582
7518
3233
8981
4631
4196
9222
6796
7339
4549
9055
6784
11
6826
7238
5986
2302
5063
9726
9777
6354
433
68
8809
3777
7323
9035
9082
2917
8186
6932
768
2349
2690
6470
3491
3976
2199
5829
8918
9734
9317
8523
1427
9213
972
2233
6762
989
4527
6265
7450
3223
502
7927
1875
8882
6472
6386
1844
5985
8073
52
6297
218
919
8228
2136
4153
5962
4300
4180
7053
105
8011
9615
8853
114
8629
9569
2433
2741
4572
485
2387
4514
9986
5584
2649
5798
4445
6995
7065
345
6738
8933
3059
4303
5010
6336
4059
5294
9612
7992
48
4652
4445
8181
2090
9496
1388
828
9536
647
4605
6903
9413
2897
1177
981
4291
4741
5412
6129
7464
356
5711
9363
7994
7577
8893
6783
4745
9553
1163
3682
4060
4009
4464
6286
7148
8234
5788
1073
7158
5364
8021
6546
5644
2035
3896
1939
5154
5009
1594
6027
6537
8795
1395
32
6533
5050
9527
3025
9430
5363
7942
6361
7815
7878
5533
3523
5772
1437
7058
7627
2100
2365
1353
5648
8351
1178
2537
2024
1683
8789
3559
7316
7913
1883
7894
2473
8207
2961
8044
8541
2015
4035
6296
1980
5738
213
5445
5502
9399
1483
7548
8481
2575
1518
8776
4269
4328
9351
7367
9054
1571
5569
8497
419
2698
234
2039
5331
6307
1227
2733
1973
7511
3776
312
2948
1831
5773
9801
7878
9965
7340
6965
6119
6920
5811
6517
5279
7983
2955
6545
5199
5165
1517
8740
8014
190
4256
1402
3686
819
6878
8224
8158
7211
167
307
3638
2663
2250
4190
3575
7565
8472
8587
6819
2687
8769
5814
8715
1786
1125
7196
5187
5391
9246
6967
736
7869
8764
2521
1753
9810
6025
6780
1189
7236
4889
440
1318
8842
6574
1955
3274
9117
8328
8541
9095
1133
2799
147
9772
4732
5755
7087
3523
3464
5439
8438
9140
1731
4040
623
7691
7642
5672
7136
2120
3537
9230
417
5224
765
4870
4998
3990
5527
2970
7253
4026
7803
7752
1908
1317
189
2324
4278
7617
7419
7909
4580
4225
1137
2880
6641
824
1560
4483
2824
9696
9132
2976
2185
9037
8270
3872
8391
1951
9523
3242
3630
195
8352
8759
265
3239
4834
7356
9102
7187
7692
4249
1826
7738
761
3924
9343
5224
4933
4611
361
2284
4819
7938
1234
915
2517
4890
332
227
7720
7762
4295
4539
3850
4085
8782
5763
9678
9727
9060
4885
9495
6238
8732
1401
9394
996
3101
972
7204
1725
6969
617
2701
7103
6756
8150
9227
5544
5266
8338
5668
4329
1406
3275
2998
2225
6799
4279
4302
7803
7505
7324
3066
1367
6620
3626
6002
7527
4952
1986
5940
7812
9664
8446
51
7515
2071
9272
7858
9083
5721
831
2542
9373
7084
1578
5680
300
2425
7828
9791
3048
2887
7418
1917
4040
4212
2012
7112
8865
8241
2401
5899
4151
9894
7337
8159
458
6969
8262
2798
1484
8569
6135
8168
284
1398
9947
3869
1257
9840
1527
6949
8912
9709
3692
6435
7216
3401
2336
1973
3172
4669
2428
6920
9617
1647
9878
9626
6850
5537
3587
2772
6014
4184
4866
1853
5932
3643
3048
392
3545
123
7900
7730
7742
5285
1598
5215
4667
7090
5498
646
6447
8249
9318
7194
1457
2040
1904
6700
1237
6235
5805
5243
2998
530
3900
6713
3377
3410
4209
7602
4099
8951
5219
7531
6222
334
9950
7052
2316
2917
2198
9905
7605
9015
1602
1412
4919
4492
5415
6041
7460
9365
6263
877
7937
8199
1482
420
4145
7913
5396
5167
5430
3594
249
1442
7501
8082
498
2089
8895
36
4962
7030
6203
4466
495
2758
5374
439
1815
2170
2146
6502
8215
3629
5924
9711
3896
5646
9030
9911
4460
8335
7837
4190
2598
6012
9515
6113
8459
158
9818
4326
4292
5921
9736
3198
6958
4328
9619
1760
539
5385
3930
2493
6280
9032
5548
4784
3292
7199
6831
2552
965
6792
7147
3928
252
2310
1925
3748
9375
73
1268
5296
5747
272
2899
3675
1970
8748
7422
725
4603
1573
6560
8675
1857
143
2870
1428
1715
253
1904
3683
1111
5892
2228
1035
3915
2195
432
2983
3720
98
2143
5409
724
3551
8003
9753
3468
7429
7468
8618
7172
1039
8694
4234
490
9324
9684
4535
5401
1186
5919
2405
9330
7338
855
7287
8819
6645
1154
7609
329
3348
1283
909
8255
3802
8337
9370
4099
3670
9997
5404
2640
9564
1465
9929
6631
4588
1131
4501
2091
494
7282
9255
3379
3413
3180
8794
8956
1523
4376
7074
1160
2453
6677
7603
3118
6441
4669
1484
6490
8642
6545
8775
849
2115
1289
6139
2071
4946
214
9754
7561
1960
1150
9413
4315
5908
6452
5336
7163
5002
7906
1122
9456
9453
3943
8470
6011
5691
2627
6230
1281
728
3723
9863
8119
7791
2042
4733
4957
3423
746
9788
3132
5371
2088
759
8993
7537
3060
1219
5028
9425
6549
1358
1725
3396
2133
5817
508
6525
5133
490
1700
3953
6075
5604
6577
5611
8382
4767
6463
7358
6403
1031
3181
4644
1043
6233
820
1605
8876
5751
5937
4811
3480
2059
9708
9867
6696
4794
2837
2567
6752
9726
4521
9148
4011
4021
1725
748
6769
2909
7276
7553
6349
8447
88
8857
5912
9745
9692
4673
9277
7301
6469
7636
7701
9537
7255
6923
7798
659
9259
116
3479
5910
8252
998
6243
2992
8910
3199
74
7964
2848
7566
1707
4964
8838
2255
2572
1165
8798
1327
3908
6270
224
3297
9754
6818
7956
9549
8053
2359
8124
7561
3574
8360
4141
1078
4059
4865
6567
2099
6328
4744
5135
490
1866
6095
4274
4851
3133
4888
3176
4461
8888
7548
9899
1294
2251
8789
2787
8659
7750
8617
8746
3762
3090
7190
7574
2578
4873
5441
142
3327
656
4137
